Average: 0.706684796561
Standard deviation: 0.028884569214
Best: 0.75020038188
Worst: 0.616538623612